Total: 4.361645915960103$ 
Win_per: 55.66502463054187%